,U299,U300,U301,U302,U303,U304,U305,U306,U307,U308,U309,U310,U311,U312,U313,U314,U315,U316,U317,U318,U319,U320,U321,U322,U323,U324,U325,U326,U327,U328,U329,U330,U331,U332,U333,U334,U335,U336,U337,U338,U339,U340,U341,U342,U343,U344,U345,U346,U347,U348,U349,U350,U351,U352,U353,U354,U355,U356,U357,U358,U359,U360,U361,U362,U363,U364,U365,U366,U367,U368,U369,U370,U371,U372,U373,U374,U375,U376,U377,U378,U379,U380,U381,U382,U384,U386,U387,U388,U389,U391,U392,U394,U395,U397,U398
U299,1.0,0.49577640796019085,0.5643881727637236,0.49389296831961327,0.6185122557327627,0.5355485277048989,0.5458825138133059,0.3826134191597506,0.4656316596618276,0.6023037008399171,0.6121313742645356,0.6735162181574229,0.5829245801631519,0.48206495450677617,0.38008993003947716,0.6280723989427792,0.5052020292152164,0.402084613161753,0.3111429471887931,0.19763727898016492,0.6650615501778381,0.4671566988736662,0.5136273489806065,0.34307962979210394,0.32659526610372386,0.546450298587016,0.6873256989945943,0.5744232280382507,0.5716288469098688,0.49179313692851795,0.1412459784000005,0.2860427581315334,0.4693286717677629,0.12417322532189322,0.36293506532845576,0.18915721089684515,0.4278818770886163,0.3992904520053936,0.2226674487155723,0.7170236668529678,0.4788736932791792,0.2318461278342053,0.47645378208508465,0.4160246511602141,0.18517698345814967,0.14863990782008177,0.6089913207814912,0.641482098094316,0.4009817459793796,0.4693505475663584,0.5218519026728948,0.41293160173831195,0.5392709689210614,0.3933670270772036,0.400739388618872,0.5449903314820439,0.6912602367533952,0.5077653086508482,0.12976297133293546,0.4642184101104746,0.21608624436207094,0.2766034324216856,0.5040715809739799,0.4330641596263511,0.3810712860642654,0.21537223308092132,0.7018371390669975,0.34902399977719906,0.47087913623452315,0.4406372732814558,0.366496727668047,0.5813368812213631,0.6495905601536571,0.512581569069929,0.32497492587239873,0.43827996239975303,0.3304432608574847,0.6162048825827393,0.4789755015371169,0.20817288450496868,0.3588953744362817,0.6641869634586522,0.24274163741569166,0.4064897428170616,0.7217149310619341,0.6922361594394913,0.6274481535817305,0.6026985955379034,0.6236297132587355,0.7460000009085883,0.5828336630478483,0.6242843573766221,0.24365573573454416,0.556194406448937,0.16706100172975935
U300,0.49577640796019085,1.0,0.6484306289682263,0.8258569508748348,0.35046082854382526,0.745135878323945,0.6639648532395916,0.4123900349150855,0.4752327662081739,0.5796748291351459,0.520851940230433,0.8275758731528783,0.5909428134881983,0.3728027090217211,0.7640590557214783,0.5069469748329266,0.7165964984781741,0.42459732407651474,0.2777166175664964,0.20035974874248677,0.1831817025350029,0.5513867873439383,0.5853900415591489,0.45651435461407924,0.5129732119359117,0.7943416473450001,0.3683776717031581,0.7142412141189279,0.5761072679418264,0.20670519770524504,0.18722157942626383,0.4929807567336801,0.8957067616600662,0.24470007199692131,0.3911507046154795,0.34220127824480256,0.6587793723263866,0.5177440639709525,0.5002798279727213,0.3755252595279811,0.7084404148927421,0.3274412131002663,0.5705845822309908,0.5552322550417811,0.15062203535874377,0.19264350353062556,0.5247741555421248,0.14913410794058393,0.3964394476323139,0.3419602389998623,0.6669094168334827,0.7417590173868944,0.7485143145513349,0.8218239535565542,0.6017936981536209,0.731991165653309,0.5541405662117966,0.7488838925849403,0.1773149724406445,0.5391652970210609,0.2741409653026399,0.3916773841628846,0.7879794332795459,0.6730553805988891,0.612040615826069,0.17997959592692767,0.5029464338283345,0.42888071713328657,0.4923429498953446,0.5586522844560293,0.6878024838849088,0.7773935212982356,0.6812514376892396,0.34560528983739214,0.4617497380262218,0.6425015640388549,0.7717764957632404,0.21157759934848408,0.557392112027974,0.4243961967861221,0.6001355388800371,0.6072414251297289,0.4827297137290803,0.5839839470255379,0.5924199634488607,0.23239919301064813,0.49567514533533646,0.7808418355744188,0.6918962733867411,0.5438487964248029,0.6405923396772557,0.6199278455800312,0.2576401878527173,0.4455022099212618,0.12370892687379681
U301,0.5643881727637236,0.6484306289682263,1.0,0.4910688872430477,0.19470022823489194,0.5828670591306099,0.6290716541180862,0.3649496639489663,0.49314587461505577,0.536163805111961,0.44676597081013497,0.6438772996965021,0.587224011302944,0.2059689841075955,0.2989105142196721,0.3575223847651371,0.6153699693521719,0.34027812316591993,0.23506846195186112,0.1607941383517501,0.1822370100365151,0.466983506983982,0.6229207006737478,0.38411787100180894,0.23441365253058272,0.6007209865106393,0.3189766505125111,0.6081815208642986,0.5328782107870839,0.16348125169516706,0.06072661933315775,0.24380935129025189,0.5925426919416861,0.13290294077510267,0.3121961021600295,0.22587231198497412,0.5344055059574685,0.3972728027263435,0.258288803912955,0.4662151720837849,0.5384212863137173,0.3240101007940711,0.590798704588047,0.4659060961050227,0.14877623337636303,0.16866446553182002,0.6194570140139831,0.1564112313007002,0.4458020769798918,0.4790646992863271,0.5163007153596197,0.39386513544253626,0.589616110744377,0.5136253175802558,0.5198800293972847,0.5532676145872731,0.5385841156217445,0.525296999777537,0.14202417039004633,0.5534456278807255,0.21842420909512764,0.3067075911273127,0.6641597783851155,0.4703981187106542,0.5231744483412956,0.1760595527306653,0.5008398373688944,0.4251833019162809,0.42098448215087103,0.47475714236449595,0.5846299436758278,0.6738368370828188,0.48366758629924056,0.3175917914261087,0.46619948150243756,0.65677502556984,0.30929443504892473,0.20409974555246993,0.6122107129134228,0.3062129105904881,0.5627571865120667,0.6826029304548717,0.2349718665077588,0.5736585193116762,0.6473727050863651,0.2426625825815723,0.5905838534150458,0.6570538511065812,0.6606216291942361,0.45935060433409647,0.6256573386537029,0.594342833235118,0.2591079102495249,0.3557510456108508,0.14162285692563933
U302,0.49389296831961327,0.8258569508748348,0.4910688872430477,1.0,0.4449340819084495,0.7946883847911973,0.6679124768380316,0.5280589188596524,0.6231394480304473,0.32161786146077886,0.5179045762157443,0.8253907852260155,0.7330451890885393,0.4154186118326383,0.8785348463262022,0.5413773203453671,0.595145184087185,0.49462352174138247,0.34736128865847155,0.18833707515662457,0.19360255906244545,0.5831812586498203,0.7010161287752809,0.5112502875118589,0.5969356829167338,0.7200936270008761,0.44556884344649683,0.774675558037072,0.6822990481014967,0.20030108325178608,0.16174643028255875,0.5229863787869112,0.7643991809984644,0.25021513419729385,0.4757970635648829,0.1941102463258561,0.3723938798971858,0.5272757009698674,0.5513494691558065,0.41547922842726326,0.7758313657636078,0.30444281221593067,0.3983461343762522,0.5338953337226976,0.15303980975674375,0.163950351845778,0.4409253030239278,0.2104577920708577,0.5020171221937472,0.3146492911055482,0.73058113551583,0.818965019032138,0.7219188042418521,0.7715265439971652,0.546830008714031,0.6639385608708123,0.5751843076717968,0.8392576336444707,0.20180476444728462,0.5112616565249575,0.2977495454651228,0.35588626535677814,0.6597456795631028,0.6960816849540885,0.46910297958666936,0.14608974979349265,0.4140259833637709,0.3388493616063902,0.5545542927542157,0.43364183882127133,0.360228494068912,0.5800832625660353,0.758451409243327,0.3355847827945655,0.303046239132326,0.5229116432917942,0.838974692074516,0.22265588237528244,0.39819413721043573,0.31184262500740934,0.35853816805340855,0.4097155596924436,0.5554399562019824,0.5036942736915418,0.5797710038866131,0.32236326147001504,0.44266022082201867,0.838150390767994,0.6160971206871486,0.6677370976314316,0.5237845374635824,0.624335303371291,0.2348323979654044,0.5388472941822673,0.07565331613155218
U303,0.6185122557327627,0.35046082854382526,0.19470022823489194,0.4449340819084495,1.0,0.32635900359598397,0.2778636133234179,0.24895512660225166,0.2808024936361593,0.48004038271871113,0.41524252020816205,0.3684574587155798,0.42873082984966104,0.60572045667839,0.46289586247477793,0.23679070731811444,0.26164991149424865,0.2863058508352325,0.5402424104555015,0.14152207358538035,0.8314338429898884,0.3207574642284525,0.34338621418783566,0.2687833233453845,0.37535658665723604,0.3357539515939154,0.7459626936965017,0.39205166833548794,0.3906214770459051,0.1131883126381048,0.17509406239131375,0.2809439619617031,0.2841390306823554,0.09588047980579262,0.3136125096612148,0.08244696801228894,0.2677033398820149,0.28191192639747636,0.2527922370376192,0.6787828829952806,0.32529038009650346,0.1433482797886051,0.1418652324528812,0.213909582115949,0.16464962872339156,0.07954717024933268,0.2686199189465684,0.8607975554929518,0.1916339344473614,0.12308148244906862,0.31188385741759955,0.36598243476816184,0.3819537038875979,0.2735182937468354,0.25362283904680966,0.3855367417212608,0.6272062004626886,0.37781594350151376,0.08261071065603698,0.21807473360937657,0.12642519912208114,0.19999787131527758,0.23256114023526545,0.25992250102406556,0.21587287745392014,0.1482677863118786,0.6715096868682991,0.15333802313446088,0.3624290563520457,0.572753683761965,0.13701066191171377,0.24637478775400062,0.5930330410836763,0.5778286527316311,0.13767581898123799,0.2268448089718542,0.3907722083511213,0.8042909842239645,0.13189197850227458,0.13460723552528123,0.1347096035803953,0.3462016272770848,0.21908792258017598,0.18581939050561533,0.5422300511437136,0.8682039523805173,0.3345539052359547,0.35932863046993363,0.3080643927217425,0.7917286554955794,0.3366342856855279,0.6216433626286725,0.10659746754384544,0.48054350475787116,0.10909979343224496
U304,0.5355485277048989,0.745135878323945,0.5828670591306099,0.7946883847911973,0.32635900359598397,1.0,0.7535600248736933,0.49313585795488724,0.6945246473953416,0.41004289229513335,0.5809455232881782,0.780394441618047,0.662322416144905,0.3056594159109469,0.6987656722358068,0.5983525936440751,0.6120493561016344,0.41913176976783,0.34753842557393355,0.21892563947231702,0.12887340634269367,0.5775044220465948,0.6343190351479212,0.4527153479948192,0.6113789103346313,0.7455201896160933,0.41812007407549023,0.7384694144153845,0.7127138226678688,0.2611905518911369,0.10370167997847543,0.45856526425442906,0.7230985786478198,0.4091658808800042,0.5012499133992948,0.3009937702907401,0.4290502497287385,0.5029340346231507,0.5528678041280527,0.44846382884146696,0.7364048616312,0.33804065415918866,0.49478038903066435,0.5684524095780179,0.36382235194552365,0.29253235405717704,0.5485960900711739,0.15728376093317586,0.6437845581957744,0.4038939441236499,0.7003831420667257,0.7572326603925987,0.7738223600875364,0.6718968244547553,0.6601828299686398,0.7051992494264789,0.5482490740812921,0.7913857679631273,0.19701522794699558,0.6289792929607791,0.3209650151906936,0.463728971340009,0.7187697492959221,0.7165339581571907,0.6593463887037032,0.3568789822260428,0.4896573950874516,0.4440854116125177,0.6353736614035155,0.46698351722446657,0.43195070670430963,0.5948868982132849,0.7425872967113158,0.31480400638717654,0.48354810772206813,0.561986797297722,0.6661859911064131,0.18512598854223686,0.4918737616383675,0.3290543608023839,0.4788792086210427,0.5244652482795669,0.5052095405890548,0.5788850966058663,0.6234955395420437,0.2549031831829547,0.5490987956177598,0.7851057145063485,0.6837340830455252,0.5660696522279078,0.6193304032694241,0.6591629470657973,0.270835340854743,0.5796201167574259,0.24727421594674842
U305,0.5458825138133059,0.6639648532395916,0.6290716541180862,0.6679124768380316,0.2778636133234179,0.7535600248736933,1.0,0.4922070276809206,0.6805101625332403,0.4825576276404089,0.6312673394662235,0.6905610896192091,0.6308817271444082,0.2813582305535438,0.4525013276374692,0.44834783121888117,0.8442964171259725,0.4022559056387401,0.34331486477537715,0.18313167683835088,0.18296490201610824,0.5044379974184278,0.639514904006741,0.44665497794318204,0.36247968243957884,0.6798275702822252,0.48272359825400185,0.7067807740405095,0.6904959896197507,0.1590342739853797,0.09009985790171143,0.3224361257812406,0.6565572106033717,0.19636833815933283,0.4565778702253744,0.25514974075936875,0.5229226120924618,0.4161766183335869,0.2985264792292284,0.4445998571181644,0.6490090754241612,0.2844832750210412,0.686110079642346,0.5841992155258976,0.21297261287688526,0.18809433354539676,0.5905190007741583,0.18295771811340295,0.616308836346382,0.2885504290456196,0.5620567507063144,0.46831236652392016,0.6529957279187988,0.5702337110606565,0.503863873963788,0.6276204114251086,0.5419481152803977,0.6356738293781564,0.15044275192586765,0.5303567624621781,0.29839529467789777,0.32264065591864766,0.7268212234163661,0.6931033206992038,0.5838476334415934,0.2053206627377105,0.5747325586701012,0.4196949618033063,0.5166332655717079,0.47272978036240837,0.5351258543746534,0.685595703666655,0.6837091409048999,0.3631021262584445,0.529441473262026,0.48880094292134746,0.4263996626957059,0.2258140664513717,0.5707897397619868,0.3009714244957125,0.5131684810910717,0.6238198330607109,0.40973503973391096,0.663737184970153,0.611009231017106,0.2853924688717892,0.5103920946114292,0.713271588527566,0.6620202972300255,0.5419406695477337,0.690430220055903,0.6464587596485792,0.2425268305305829,0.445847739176215,0.13240222568384183
U306,0.3826134191597506,0.4123900349150855,0.3649496639489663,0.5280589188596524,0.24895512660225166,0.49313585795488724,0.4922070276809206,1.0,0.5758952708764663,0.19547020636023507,0.32455623950309226,0.4351376794898669,0.5177815876639108,0.26970133670771945,0.3259041875427988,0.2808216048831921,0.3433590408242519,0.3770433911062188,0.23740684667782172,0.08137321875133707,0.13761827431773047,0.30589687630741347,0.513312983508771,0.28413789646090526,0.26638240283213444,0.3756841492813024,0.25190563063945426,0.6821776630687179,0.48786746390556,0.11195009472629883,0.15234629854669154,0.2121117325980064,0.3648558028135459,0.23125798126890207,0.3295216272069519,0.2370243361497673,0.19988101731008387,0.2783626815326408,0.2152611914817944,0.28790662398319733,0.46278319580874056,0.16040621609650954,0.2475523508326465,0.3717165111325304,0.11968445234255015,0.09942788076217457,0.3001696613035473,0.1468656487123306,0.4194961809408053,0.18807425087305366,0.40628954213641355,0.32569237967087483,0.396139193239985,0.3604964587467228,0.3187318583197729,0.36819379690879955,0.3660256116654048,0.4439262620553909,0.11702043730285565,0.36023796576688305,0.17791083467457014,0.18795012592949767,0.3753260764358313,0.42389876078320327,0.3297591253496055,0.10798786536579984,0.3145675209882004,0.24203003853493507,0.34785119216664484,0.28750331866556267,0.2004752626315876,0.30508393185753596,0.4330304017578296,0.22317371192533372,0.2246613734857144,0.2672490677927517,0.31271726424342305,0.12176486604302392,0.29545384197118985,0.17311723979205282,0.4105578789826331,0.3071090388789023,0.2996092981036511,0.39433789518130974,0.369490541271928,0.23421497322601523,0.30778624495762474,0.48804836699349513,0.4038207624284951,0.4483942750700755,0.32831238113034233,0.413009488436399,0.13831085329871762,0.3126471173569028,0.04646701566793677
U307,0.4656316596618276,0.4752327662081739,0.49314587461505577,0.6231394480304473,0.2808024936361593,0.6945246473953416,0.6805101625332403,0.5758952708764663,1.0,0.20200755611933768,0.44663485199451897,0.5923853115027372,0.6706346139598456,0.23208035047108788,0.3813493255051452,0.3789266083257661,0.429365570608207,0.3629999688751102,0.41077780732454566,0.13752053384590346,0.11306368424475535,0.43296389667147783,0.6727572902125181,0.35333710419251774,0.4037004819727052,0.504264587672491,0.34379404192066865,0.7231851675935228,0.818184885303831,0.1460446467007438,0.07065605447279445,0.2804757291835308,0.3836519702633399,0.15160061316252382,0.42681364865860266,0.17504862072820274,0.20610054714119197,0.35771030906557916,0.3105464436131553,0.4055725034391234,0.6384841701666042,0.253083233955301,0.3226348469776747,0.49975703912690733,0.2935666014589139,0.15884996469052298,0.4343221576310365,0.16192042028509682,0.6292270192500512,0.2769920946961439,0.5669760833383024,0.44666099958212085,0.5567948143755319,0.3856984465900817,0.501042349630812,0.44681043259323994,0.45035216871830963,0.6070497911719336,0.14025776725417385,0.590323672062793,0.2961954603945327,0.37769214881952795,0.48105022642738365,0.6162964162980471,0.39772284356756255,0.2763498126962974,0.4602647540809981,0.3083192519317843,0.4953761612389655,0.30485780673220264,0.20701104875522922,0.3496051708469943,0.5864844144934013,0.23756866800245538,0.3441915700359995,0.3532806336729161,0.36221686438800216,0.15322155675664798,0.4179105223683523,0.17261622367837787,0.2586398758549382,0.3942383287300093,0.29124197736263224,0.4787578066597543,0.5642226569287146,0.29737503543987615,0.5005044000486326,0.6801180967463748,0.5638519153666329,0.5851946485516979,0.5476470159950141,0.6121229483786597,0.23868325622457642,0.48247818783462704,0.19408096539521005
U308,0.6023037008399171,0.5796748291351459,0.536163805111961,0.32161786146077886,0.48004038271871113,0.41004289229513335,0.4825576276404089,0.19547020636023507,0.20200755611933768,1.0,0.5974850837973946,0.46677596905046,0.32867680566475294,0.4724002008595952,0.2464704560690216,0.28291583389852515,0.5968988084664344,0.35445951483327576,0.21904895507647945,0.23893453753215232,0.6144760663935589,0.3002909293186349,0.30933024796548886,0.3209550155590637,0.1825053301026159,0.6281773471320016,0.5192521797400261,0.39260089765928735,0.37085023732989586,0.166631473997722,0.2240074943815771,0.21241336293333324,0.6347849200344554,0.2658687860692744,0.2616863226511859,0.28696050138566087,0.8777485541171338,0.3059827155314706,0.12476004414204593,0.5029040357458306,0.24647488076348736,0.15488834529534784,0.6300513442394162,0.39786226928806184,0.10931945232071266,0.14402870632501003,0.531703089246072,0.5221892593949943,0.1859261813156177,0.2721439673491059,0.24638345768518038,0.25550951581353515,0.5300850305243703,0.47438638269238276,0.2755678737944888,0.5819485987694706,0.5768356619495553,0.33912956342843864,0.07999255487753189,0.2544591660335318,0.14259189585054552,0.22731247585730643,0.6828043588010336,0.40078974314438565,0.6805327293816739,0.1675047376007151,0.8128633781129742,0.48670996234591307,0.365327750860442,0.5584692479708598,0.8424209839760085,0.7021332526340204,0.5206486534672384,0.5106231881535068,0.5358385164414305,0.3640428512369734,0.23582224341806654,0.5617823574590596,0.5996968976622262,0.3284562234403387,0.6179501333980754,0.6867708627111964,0.1794251492675662,0.4282346950226872,0.5703088754671681,0.5297279654567113,0.48485365654160717,0.4294041084488317,0.5510252384125853,0.5177639269806831,0.6125394790259466,0.5282378722266243,0.17725299196080663,0.3632488297014028,0.14324182334702903
U309,0.6121313742645356,0.520851940230433,0.44676597081013497,0.5179045762157443,0.41524252020816205,0.5809455232881782,0.6312673394662235,0.32455623950309226,0.44663485199451897,0.5974850837973946,1.0,0.6065406839290632,0.5873413724540587,0.6595119506579435,0.42536188900800825,0.36481771441749694,0.5788138912920678,0.44244427113201346,0.32203047659512046,0.2644493829284785,0.4750778769975536,0.6567361888533633,0.43927369382590115,0.39634340730473694,0.3247128933587057,0.546785416244767,0.6242076461286444,0.5000091030336374,0.5603143115061134,0.19537823620856695,0.48741672086958776,0.25093191942245624,0.5285035876211186,0.1309080097738187,0.5466200119302679,0.203058281336307,0.5014243875772549,0.3312031721158582,0.18502344190766065,0.5307998634695792,0.4227725650201462,0.20924902547075033,0.5425093956905106,0.45717645066601137,0.16853980735569582,0.1426883462303682,0.5701788930433646,0.3681394756983054,0.4446848442713297,0.28087771697120223,0.43806558690147523,0.3658321769890918,0.5273831460910765,0.43101019806446533,0.3998921519568821,0.6462630177175216,0.5571002032714732,0.44570108663183206,0.1170593355804679,0.34935894330386386,0.2831330436086858,0.23173410929067625,0.59486712447927,0.49132440282411066,0.5558620294018992,0.22659458610166536,0.5943977406862002,0.34400749044911705,0.42817322866017327,0.4149833370554061,0.46064843911297826,0.5340440570757976,0.6867128973864741,0.41843188959931815,0.37056356550165,0.32174433528469143,0.3157208078873226,0.4323105484328404,0.49518569416925023,0.23484237944368952,0.42359142894868734,0.5230867602011864,0.3684015202442166,0.38095446862565846,0.5766156477854661,0.4024750506292497,0.4873659826240621,0.5088353695931604,0.5286647531453486,0.5477947451892048,0.627037197419312,0.5998026371707234,0.2215273903620676,0.6795202019678144,0.14001912121263183
U310,0.6735162181574229,0.8275758731528783,0.6438772996965021,0.8253907852260155,0.3684574587155798,0.780394441618047,0.6905610896192091,0.4351376794898669,0.5923853115027372,0.46677596905046,0.6065406839290632,1.0,0.7278747735498641,0.38759440562758846,0.7327232871741596,0.6588056321795559,0.6940780075635306,0.49918233739816387,0.377996807847235,0.2742845741774844,0.2357321902475013,0.6559567887065146,0.7325818105894116,0.4839603541481474,0.5292888990323733,0.7833677327162364,0.45334334220981554,0.7739183011776225,0.7560865204646007,0.32602991410642124,0.16709950839325122,0.47242599919240236,0.7717703700134549,0.21260837572388164,0.4437048390763579,0.24685411256567627,0.47519188667682527,0.6362424876849362,0.4803158176781054,0.47948901914351405,0.7682621407066534,0.35274093451926736,0.5412383764490105,0.5711628628539344,0.1956863709165976,0.1813412876436168,0.6074134589988959,0.21330018135891662,0.5579412331522245,0.47835946499193166,0.7689358683886724,0.7500505555317117,0.7434231504823111,0.723577117338953,0.6217011913298397,0.701870334172669,0.6188693064342053,0.8039813646569711,0.20233654691179592,0.632940457053532,0.3270853974028562,0.4097728125597442,0.7181871795093148,0.6789838819811634,0.5283201074144496,0.22052398562235034,0.5078312197731529,0.42037611125780844,0.6318751210896517,0.5037439117263484,0.4806217313598297,0.7281086557613319,0.7465560692192774,0.33900407407535144,0.4224388362375776,0.6109039228104418,0.7077128421766953,0.22776004449345805,0.562283226988282,0.345237453499417,0.4672073595128979,0.6146655319820199,0.4758167754229418,0.5467187439236191,0.7023210919854833,0.3172000151667213,0.6060217852454257,0.8712201939103587,0.7432390942864172,0.6539240295236571,0.6906458252103765,0.7039641796702744,0.30444140063242675,0.5907774320616991,0.15181494979406626
U311,0.5829245801631519,0.5909428134881983,0.587224011302944,0.7330451890885393,0.42873082984966104,0.662322416144905,0.6308817271444082,0.5177815876639108,0.6706346139598456,0.32867680566475294,0.5873413724540587,0.7278747735498641,1.0,0.3973743922597253,0.5694467895746119,0.43578890400870085,0.507339538514496,0.43638936031172954,0.3700161039884162,0.18326838630753087,0.28694607904821345,0.64102877356349,0.8819480743447009,0.4610832506488248,0.41962013153291255,0.5917792813705576,0.5232743908674818,0.7425809534384017,0.7542875488461088,0.1781158520461894,0.13479687773835233,0.34018231849673286,0.49644500962923677,0.14982864370126978,0.5657638300961259,0.12766635402994597,0.31905627371826134,0.4843979763662148,0.33842971141217854,0.5561767162659463,0.6320689400617525,0.315922844818819,0.36059994432588943,0.5419565126385879,0.18994270272208813,0.1254764208512241,0.485500523164663,0.31692587318709065,0.5938529592444765,0.24312782107808636,0.5901871407484401,0.5298055162393582,0.5657710882381306,0.4953720737796484,0.4814104384954463,0.5837018098853449,0.6489505553792784,0.6485769718034323,0.17463075739961303,0.45685925959098994,0.2787307771093681,0.28603599375706396,0.5102588439366346,0.5478257388453611,0.44822951367482605,0.16243648264440966,0.5001768501796591,0.33082092297568355,0.5948984106642399,0.381215665124691,0.2761001948666528,0.427807345325266,0.6884009475187548,0.36862214464016535,0.26593195584760493,0.4151296855765744,0.4914100076216192,0.325254626926268,0.4033482166732839,0.24915616448006386,0.3248029217008346,0.44641448978159887,0.3971213400182365,0.47422955122250215,0.6577251051159337,0.43160114723563275,0.47315048348385197,0.7535087203630448,0.5631180069072257,0.7256105830868692,0.5646070906225148,0.6961602030394016,0.28449808333264054,0.5352399795417587,0.08973905288774028
U312,0.48206495450677617,0.3728027090217211,0.2059689841075955,0.4154186118326383,0.60572045667839,0.3056594159109469,0.2813582305535438,0.26970133670771945,0.23208035047108788,0.4724002008595952,0.6595119506579435,0.38759440562758846,0.3973743922597253,1.0,0.3762388534932139,0.23797003936058544,0.2951157122842125,0.38898921660100577,0.20897971840388313,0.12921796547453465,0.6921298657611452,0.3065770681204169,0.3106487686973659,0.32217057278648026,0.28120830231657074,0.34581145674839886,0.4945343013691106,0.3606895332149491,0.3315127647460265,0.14807382368313532,0.8365764571041158,0.24031095828415056,0.29882746244309805,0.09644721568456234,0.34097089305515244,0.09056838432834578,0.2847502820947479,0.2905093070122965,0.18942152455836012,0.44321349028793505,0.33710047707085855,0.12467950187392125,0.16746495248916804,0.19789202019562738,0.06752620333116513,0.05807980250620673,0.24718173769907037,0.5671076712405497,0.2042297880618454,0.16056087698483662,0.3117352355570702,0.2987461868763186,0.3683712301218951,0.25801775977026487,0.23330992224824068,0.3325275946926927,0.5369690005041343,0.33007046783400074,0.07144339576438556,0.2135838679511649,0.16668393740915408,0.13611351361361743,0.2774301670483041,0.24817258884156057,0.3695152778046056,0.07789496492544896,0.5235094578262249,0.1601453668422135,0.30542470262315374,0.26541332891122604,0.1588077955367468,0.24143293854804923,0.4885101764093374,0.4137153235141319,0.1526590634473534,0.2116498456512314,0.36092369901328497,0.46686785870975234,0.16054568137163358,0.1240920417557487,0.15082181374266837,0.2962368624831242,0.26560726928891437,0.19335852512753982,0.45604008200437957,0.5309427613983196,0.25309065276614134,0.33355544067504245,0.27655187669999,0.6256360299605545,0.26965394497809964,0.41992580762988096,0.0846972011242635,0.525990554928891,0.030634010831142786
U313,0.38008993003947716,0.7640590557214783,0.2989105142196721,0.8785348463262022,0.46289586247477793,0.6987656722358068,0.4525013276374692,0.3259041875427988,0.3813493255051452,0.2464704560690216,0.42536188900800825,0.7327232871741596,0.5694467895746119,0.3762388534932139,1.0,0.5048225929994797,0.4644787615119635,0.3882806386875777,0.2539418546668548,0.1998276369943131,0.17662381084907902,0.5504017184800929,0.5046083795025296,0.4011187345297101,0.7721662602920436,0.6276791045275834,0.413591226620805,0.6137727186130748,0.5126815971278174,0.2003598191816399,0.14697290526337045,0.5898708003565991,0.7434766551764188,0.24747146891538066,0.4203714954990712,0.1860447383848241,0.3004548417050561,0.5471103021778041,0.673423225244183,0.32700317974652,0.6836028222248537,0.3010782415877657,0.29599450623229034,0.45677642037313765,0.31165550347990106,0.16652201817045062,0.35367542191252727,0.20370914023887488,0.3741177116381422,0.25324817716550985,0.7214451218297329,0.8999643546337863,0.6630806267000919,0.7343440568096367,0.5196786503422259,0.6486466164215808,0.4945203094859276,0.8252504839118663,0.20021274330545236,0.43994547598335315,0.2699550377294896,0.45029925313062824,0.5629271556786695,0.6044534418863136,0.40985873619983415,0.3074249991451491,0.30882938263742565,0.2649954608221729,0.5139665579050394,0.4085333024232053,0.28102894472694884,0.5145635282682118,0.6664483656044353,0.29720538428061394,0.24394176067590853,0.4557475551922482,0.9637700959495549,0.22353858408252536,0.24997506810389472,0.3005764384113437,0.2841353702018378,0.2730875985240133,0.583086492505008,0.35055255930408297,0.4877989047354982,0.26342719689517385,0.416880282214867,0.7060965690402383,0.5217695760124681,0.5532043714045344,0.4432767145181839,0.4781797543935044,0.22041367972255743,0.5466663803790983,0.22199174836562774
U314,0.6280723989427792,0.5069469748329266,0.3575223847651371,0.5413773203453671,0.23679070731811444,0.5983525936440751,0.44834783121888117,0.2808216048831921,0.3789266083257661,0.28291583389852515,0.36481771441749694,0.6588056321795559,0.43578890400870085,0.23797003936058544,0.5048225929994797,1.0,0.4295871146203177,0.30757783925463605,0.26712506224018984,0.12030561998742123,0.127042124608038,0.31982941070595466,0.41329116977287883,0.26709177192081535,0.3719468815708195,0.54510782567475,0.24314994404841872,0.44415808640200954,0.44006177025429616,0.7225096485321166,0.09455343393034296,0.3228762120065642,0.5098593141290784,0.1532702221168903,0.24776563602691506,0.15837440630085264,0.2926846671902101,0.35645960839583624,0.36381836150257596,0.24912451425467882,0.4721112334369005,0.19027528930124363,0.3023911681396417,0.33635867768313615,0.1415721980884069,0.11945548452999583,0.3154295849045128,0.1224599192973098,0.3486961154300522,0.25137863792271176,0.4774932039374291,0.5005897083264131,0.48289247965867677,0.45180655683051707,0.34163679324464974,0.4239818392178961,0.36842816945371726,0.5317653145191455,0.12314273472182061,0.37535733408120825,0.21241230824463708,0.24875397908863614,0.45743503001857855,0.4441624637920043,0.32382181943615784,0.1441658767873655,0.30579852232669325,0.2532077697513179,0.35798938012646714,0.2913748993993589,0.2911736061527294,0.438065749937041,0.4870179248641569,0.19672051575536267,0.29350801329995885,0.3451408196054018,0.4929386119805293,0.11425595741878776,0.3038671476875751,0.20792016534625862,0.27869185822510717,0.41096024515884033,0.3257057839450965,0.35367033677508425,0.402498890847073,0.18527007295132467,0.3386056288295724,0.5486850638826827,0.4479191671703277,0.3931455555037733,0.3648230897310865,0.41127440402093624,0.15631576849346523,0.33322865175953914,0.09677586394383512
U315,0.5052020292152164,0.7165964984781741,0.6153699693521719,0.595145184087185,0.26164991149424865,0.6120493561016344,0.8442964171259725,0.3433590408242519,0.429365570608207,0.5968988084664344,0.5788138912920678,0.6940780075635306,0.507339538514496,0.2951157122842125,0.4644787615119635,0.4295871146203177,1.0,0.4032667802460619,0.27473153299191155,0.1827005656886161,0.21357416984482847,0.4453303561356222,0.513659702788238,0.40632717137446533,0.32426951587506736,0.7011314099603138,0.44087488706688127,0.6256013342314141,0.528267846380146,0.17064721233934135,0.11713794673904883,0.33026718328104343,0.7240298626399103,0.1853024200612676,0.3235417921154338,0.26614755213750835,0.6500025803395829,0.39861575626686896,0.2903186894678924,0.4128778814538318,0.6208450837674648,0.35579945482977876,0.7447682833939562,0.5471870299891032,0.15740705374121527,0.18502272781142112,0.6084461954050053,0.17828350685513084,0.4447033402752674,0.33677205048661407,0.5301938044880156,0.48152197989657874,0.6425796937623998,0.6933115789060328,0.5483721140329588,0.6330815358484068,0.5662201387025718,0.5745423536975499,0.1333639041555907,0.545933981924218,0.2450118506815458,0.35417546853564813,0.7170661167654265,0.6384022254328787,0.5742526326110733,0.1797630345436195,0.548986197771587,0.4204469380389206,0.4246239287877101,0.5265535956092551,0.656773995089723,0.7783347934747563,0.5890177391401965,0.341973502851821,0.47516466876627694,0.5665144266496509,0.46135294754349876,0.23128448084639172,0.6118007147535651,0.36386697786924505,0.59871006727022,0.7052361232558776,0.34838319388575006,0.5686323704696271,0.5377457244266185,0.2420358554443588,0.4793832533718492,0.634632462503155,0.6029285797487174,0.45715547535108036,0.6553818567629601,0.5708798736942129,0.21294583159479827,0.39055511104979823,0.1373054243666851
U316,0.402084613161753,0.42459732407651474,0.34027812316591993,0.49462352174138247,0.2863058508352325,0.41913176976783,0.4022559056387401,0.3770433911062188,0.3629999688751102,0.35445951483327576,0.44244427113201346,0.49918233739816387,0.43638936031172954,0.38898921660100577,0.3882806386875777,0.30757783925463605,0.4032667802460619,1.0,0.21796561441087905,0.11422548890471201,0.2580726331853245,0.31419004871026207,0.3917978461370288,0.6788839810574476,0.3169128793869187,0.4250629526449169,0.33491333331837586,0.54503286620936,0.4264721020944852,0.12289734256630688,0.23748624940239368,0.251402276723215,0.41361216060084305,0.13397798527440669,0.27128713172770336,0.15304087630740154,0.31096853646126515,0.3117671341127152,0.24398131481128577,0.28782260002245197,0.3942178924534478,0.16976757636887707,0.3097988623250789,0.3366254323429729,0.16022257263014494,0.09780955476544301,0.3788289873451523,0.21777292437423118,0.30970891802294453,0.2449197108517962,0.42588964667666385,0.3766488885465724,0.4150342523117163,0.36324209495484366,0.28998105893104564,0.3848840143351354,0.38966095304285187,0.45380286604106934,0.10016620011574096,0.3071738041817246,0.16836404847644038,0.22041257299815803,0.40935216687383175,0.39171335456015177,0.3514065751372223,0.16617882950540558,0.3771034401963092,0.2536008306947644,0.3194385543172262,0.285059006328169,0.29189763456552714,0.3980203271081017,0.43271241887741746,0.23918593448717665,0.25853187385144916,0.26762143759540946,0.3685369309482595,0.19661895847245858,0.3108447773411336,0.16532867113905625,0.2635122157733595,0.33326814140960687,0.25802588228972134,0.2925124253240913,0.4384500256623764,0.2620973479856562,0.3787913693312403,0.46518500240239835,0.4345024244601192,0.422066760741486,0.37415101959099495,0.4155679789826757,0.16152226114368093,0.3821323330657522,0.12097529476815604
U317,0.3111429471887931,0.2777166175664964,0.23506846195186112,0.34736128865847155,0.5402424104555015,0.34753842557393355,0.34331486477537715,0.23740684667782172,0.41077780732454566,0.21904895507647945,0.32203047659512046,0.377996807847235,0.3700161039884162,0.20897971840388313,0.2539418546668548,0.26712506224018984,0.27473153299191155,0.21796561441087905,1.0,0.07532340390202057,0.18652806335821875,0.24110290149240118,0.3639639449003078,0.21109293255396508,0.1874719908265493,0.315965978008853,0.2516413115285073,0.32472389297272947,0.5034553150942845,0.08181382863743819,0.060109573305516986,0.14335529573106384,0.2376391065528579,0.06002324866987622,0.21634971998249847,0.06776472483956988,0.1925966530787779,0.21684405055483247,0.13044918484331408,0.2505895362727787,0.2736883361375638,0.09882008250474564,0.1765037325705054,0.21968590877717453,0.07592190183041726,0.05296662267910569,0.2071115278744876,0.1877916655002055,0.2825469221288753,0.09930775035310468,0.2525798470239337,0.22144686560213586,0.28493419591061775,0.21594720722533875,0.20599462514968564,0.2520245516781561,0.2920704609538064,0.2955296475249622,0.06380426205700078,0.21809395289560865,0.19268752812910633,0.1262506172367277,0.26185866420295895,0.29133389357820727,0.20846533395590516,0.07032827230778538,0.29730944683539723,0.16089699064871674,0.2574062545904863,0.7164383003626791,0.18108334361057435,0.22429728211260072,0.4017639895588778,0.19715542982613696,0.17216482449660037,0.17358176431349284,0.20871421797310477,0.1905711927658066,0.23300466167840156,0.10202816436017878,0.1497637100846315,0.23001970322759885,0.1520893110440462,0.2063003446795797,0.32225519247659506,0.2568076702478213,0.2260521451555478,0.3585097057946075,0.2768451032197885,0.35861314831884183,0.3014381697518638,0.7239469460898567,0.13273548016796324,0.3402674705161125,0.04073486344271591
U318,0.19763727898016492,0.20035974874248677,0.1607941383517501,0.18833707515662457,0.14152207358538035,0.21892563947231702,0.18313167683835088,0.08137321875133707,0.13752053384590346,0.23893453753215232,0.2644493829284785,0.2742845741774844,0.18326838630753087,0.12921796547453465,0.1998276369943131,0.12030561998742123,0.1827005656886161,0.11422548890471201,0.07532340390202057,1.0,0.13149063070117759,0.30438372867133756,0.16406471925909097,0.16426847366034494,0.19651295885000486,0.24399693094359584,0.2610768946159674,0.2537928900460426,0.41134551298472993,0.2996080889330038,0.046020382129877045,0.11090201388327225,0.1962596956979453,0.04709774634451904,0.19897345412270387,0.08322952804501042,0.146171693714912,0.1307511924617366,0.11996020768836146,0.24433220267299646,0.1908837404403541,0.10840923719420724,0.18465962098192015,0.1863680546454434,0.1413464600025035,0.1524842831826213,0.23113953745084342,0.12307262282286384,0.17313212143067008,0.14438034146744708,0.18887928549940855,0.18059988525135798,0.18792437267429105,0.18773953859339165,0.23410578139589042,0.28073271063899,0.17648633192768373,0.18759580534616888,0.05551159448539945,0.21758440302870088,0.120039318069575,0.18672144131570328,0.20738366463395735,0.1618631353319673,0.1915355563613702,0.16480662103153224,0.19365684768520622,0.11802547542717305,0.30032416957636454,0.1572335744712298,0.14430761259750122,0.18938816920297852,0.24625118836317114,0.1403208276829877,0.14168596550988902,0.16064645825790466,0.15274583159099878,0.16006680951356272,0.15991954176659512,0.10867719333999613,0.16467965975733218,0.20043703866237858,0.1733812607086463,0.14316251875077945,0.18789232324227995,0.12687188696885274,0.20151420105227827,0.16777664180702412,0.17979253252193417,0.16813940087305435,0.23647487028995487,0.17050830053590232,0.08559292218333646,0.22910973621253528,0.11449634019516866
U319,0.6650615501778381,0.1831817025350029,0.1822370100365151,0.19360255906244545,0.8314338429898884,0.12887340634269367,0.18296490201610824,0.13761827431773047,0.11306368424475535,0.6144760663935589,0.4750778769975536,0.2357321902475013,0.28694607904821345,0.6921298657611452,0.17662381084907902,0.127042124608038,0.21357416984482847,0.2580726331853245,0.18652806335821875,0.13149063070117759,1.0,0.22635113252271005,0.21502795041773204,0.20647023488489358,0.14263886611388535,0.2480052215153864,0.7662476999681508,0.24658039604582607,0.26042309299493493,0.0961475254921882,0.29813998148580395,0.13026529215870222,0.15931407228716535,0.03094795719506553,0.22816072146000088,0.06903607425313908,0.32723216345062944,0.19236887834864266,0.04404577433964349,0.7062078828722652,0.13611233231756842,0.06929280084116304,0.17937504090441875,0.12722524564276025,0.05497576514592727,0.046624928364019325,0.3030070490984976,0.9619530328199049,0.0974948343882982,0.1599073151785298,0.1535866334806727,0.12118288367463032,0.26680219026026053,0.10810209210590035,0.1198307070489015,0.29350258258007333,0.6156576569438386,0.1719790492146949,0.036982029200660946,0.10684363017150551,0.06784121819683558,0.06333002586340242,0.17076289615939447,0.11398944984460392,0.1914059447858043,0.06758712377526532,0.7383244088028096,0.1525180179121809,0.2541181401106191,0.2916586916441405,0.17539538990648929,0.2361176849915835,0.4941442869690148,0.6052141550544019,0.13348859312334443,0.13422867099844205,0.12003603645644288,0.8839333710943876,0.1762415861254967,0.08385357532129575,0.13380104270274149,0.40163819528543776,0.07256987055237087,0.11621110153826664,0.5239386056526322,0.9286873455869091,0.3203745938946929,0.20299485720836472,0.2611522642718448,0.7378463077232856,0.3001957839330296,0.3840198176424709,0.0744569162616865,0.41291800291273684,0.052609665960035225
